Auto-generated evidence file #14
Control: 2
Timestamp: 2025-12-09T02:41:33.332584
Random: 0.12951371420295965
