Auto-generated evidence file #12
Control: 4
Timestamp: 2025-12-09T02:41:33.332584
Random: 0.6667874902513261
