Auto-generated evidence file #4
Control: 4
Timestamp: 2025-12-09T02:41:33.332584
Random: 0.10118604333135905
