Auto-generated evidence file #8
Control: 4
Timestamp: 2025-12-09T02:41:33.332584
Random: 0.0603958328837344
