Auto-generated evidence file #10
Control: 2
Timestamp: 2025-12-09T02:41:33.332584
Random: 0.7445921312551175
