Auto-generated evidence file #16
Control: 4
Timestamp: 2025-12-09T02:41:33.332584
Random: 0.27668990758146406
